spawns: 
  default: 
    world: world
    x: 142.5689737262423
    y: 65.0
    z: 284.44810835412164
    yaw: -180.74887
    pitch: 12.300022
