lastAccountName: Starlord_STRX
timestamps:
  login: 1440096472770
  lastteleport: 1440097687545
ipAddress: 127.0.0.1
lastlocation:
  world: world
  x: 3.320166782721994
  y: 74.0
  z: 264.6411910370952
  yaw: -332.24292
  pitch: -3.2999232
