spawns: 
  default: 
    world: world
    x: 3.5592283099898476
    y: 74.0625
    z: 262.0400080096609
    yaw: -268.1931
    pitch: 7.200077
